0.895274
0.895758
0.895423
0.901492
0.909999
0.893507
0.890684
0.896178
0.89229
0.892361
0.893036
0.890548
0.894222
0.892589
0.903635
0.889148
0.890067
0.890413
0.889123
0.892791
0.891833
0.888918
0.89478
0.891969
0.896492
0.89554
0.893041
0.88782
0.89293
0.901103
0.895149
0.8948
0.900008
0.898009
0.896701
0.89234
0.902323
0.898926
0.892184
0.896608
0.890375
0.892411
0.903046
0.889671
0.892148
0.888204
0.891354
0.892925
0.89135
0.895045
0.890345
0.891618
0.892625
0.904438
0.891041
0.893179
0.897154
0.899725
0.914841
0.897685
0.892524
0.898635
0.904287
0.888251
0.892049
0.893166
0.896042
0.899307
0.891009
0.89104
0.892242
0.908434
0.894044
0.895259
0.89436
0.892969
0.897251
0.895704
0.888244
0.8936
0.898651
0.895726
0.890541
0.89637
0.894387
0.896005
0.893209
0.894517
0.898016
0.892851
0.892377
0.891825
0.896437
0.893589
0.89332
0.891411
0.892638
0.894368
0.89163
0.895264
