1.83434
1.83793
1.85343
1.83302
1.85197
1.8363
1.84559
1.8507
1.84124
1.83814
1.85012
1.85754
1.83695
1.83991
1.85378
1.8426
1.84023
1.83748
1.85328
1.8412
1.86912
1.84497
1.87061
1.85367
1.84976
1.8445
1.85417
1.84791
1.84013
1.84067
1.84742
1.8433
1.85089
1.84691
1.84733
1.84227
1.84553
1.84439
1.8425
1.84751
1.85438
1.84841
1.84188
1.84139
1.85107
1.85617
1.84558
1.8453
1.85169
1.84998
1.83858
1.8387
1.84151
1.83937
1.85229
1.84038
1.84739
1.85294
1.84037
1.85104
1.8428
1.84806
1.84717
1.85322
1.84987
1.86
1.85392
1.84502
1.84905
1.85194
1.85556
1.83831
1.84445
1.85409
1.83801
1.83715
1.84511
1.85575
1.85753
1.8492
1.84404
1.84541
1.84592
1.86065
1.84748
1.86173
1.84983
1.85553
1.84392
1.84662
1.85743
1.85657
1.84814
1.84759
1.84132
1.83637
1.84878
1.83637
1.83842
1.83849
