1.53011
1.53088
1.52857
1.51792
1.52639
1.52823
1.52449
1.52678
1.52906
1.53538
1.53902
1.52486
1.52539
1.52298
1.5248
1.52352
1.52667
1.52226
1.52715
1.53988
1.52239
1.52536
1.52325
1.52317
1.51312
1.52021
1.51558
1.5264
1.52116
1.52405
1.51688
1.52155
1.52417
1.52519
1.519
1.52359
1.52433
1.51832
1.53255
1.51977
1.52488
1.52125
1.52806
1.51842
1.52684
1.51671
1.53445
1.52491
1.53799
1.5216
1.52167
1.51837
1.51926
1.5156
1.52153
1.52297
1.52197
1.51686
1.52268
1.52119
1.51992
1.52337
1.52407
1.52478
1.52187
1.52245
1.5239
1.51913
1.52357
1.53728
1.52488
1.52245
1.52216
1.52205
1.52072
1.52298
1.53071
1.51521
1.53286
1.51998
1.52453
1.52065
1.52885
1.53043
1.52189
1.52004
1.52376
1.5161
1.51948
1.53746
1.52067
1.52239
1.52212
1.52339
1.5235
1.52676
1.52304
1.52429
1.54473
1.52791
