0.528234
0.546433
0.537248
0.532457
0.523473
0.529445
0.54043
0.533292
0.538804
0.533972
0.531179
0.532155
0.549012
0.533341
0.533076
0.539986
0.538954
0.539685
0.531666
0.525327
0.528593
0.538512
0.531156
0.532849
0.529265
0.543736
0.533962
0.534847
0.532975
0.531284
0.530777
0.537066
0.535337
0.528881
0.538727
0.527513
0.5344
0.529462
0.52966
0.53157
0.541317
0.544209
0.538559
0.531827
0.530416
0.538628
0.528934
0.535338
0.539524
0.527295
0.532994
0.594069
0.57684
0.528122
0.52832
0.524884
0.535912
0.537752
0.531834
0.589955
0.536009
0.523015
0.567881
0.530982
0.588834
0.538714
0.536345
0.535679
0.53214
0.53644
0.531912
0.539173
0.588771
0.552666
0.534245
0.528411
0.533436
0.55564
0.530892
0.540922
0.537371
0.527003
0.583171
0.533885
0.542957
0.534426
0.548359
0.532172
0.531696
0.536578
0.53972
0.542453
0.579021
0.536107
0.523632
0.532396
0.536769
0.565972
0.537848
0.525656
