1.23974
1.25096
1.23786
1.2438
1.23744
1.23867
1.24403
1.23959
1.23492
1.23296
1.23346
1.24051
1.2355
1.24183
1.24647
1.23496
1.239
1.2454
1.25235
1.2353
1.25193
1.25215
1.23756
1.31308
1.23646
1.23827
1.23289
1.23742
1.24174
1.23517
1.23009
1.23888
1.24206
1.23638
1.23833
1.23613
1.25084
1.24466
1.23877
1.23665
1.23602
1.23777
1.24884
1.23902
1.25272
1.24183
1.24032
1.24809
1.23819
1.24156
1.23764
1.23974
1.23962
1.24076
1.23565
1.23854
1.2414
1.24229
1.24573
1.23543
1.2388
1.24052
1.23434
1.24006
1.23559
1.24423
1.24527
1.24491
1.24109
1.23584
1.23594
1.23654
1.23933
1.24214
1.23827
1.23632
1.23462
1.24637
1.2353
1.2475
1.23584
1.24415
1.23607
1.23514
1.23286
1.23523
1.24431
1.23436
1.23839
1.23287
1.24198
1.24351
1.24253
1.25159
1.25164
1.23929
1.23691
1.2356
1.25017
1.2413
