0.520927
0.463853
0.457157
0.460168
0.46782
0.492033
0.456553
0.471799
0.481076
0.436244
0.489836
0.481301
0.476177
0.451511
0.547722
0.481157
0.54263
0.480395
0.459469
0.478871
0.585418
0.486532
0.464568
0.459496
0.462318
0.480936
0.486152
0.535896
0.465406
0.452003
0.486817
0.460391
0.473147
0.514905
0.491934
0.456084
0.463998
0.462639
0.487741
0.458412
0.466703
0.471199
0.545708
0.471002
0.522897
0.533414
0.4708
0.545153
0.510085
0.451232
0.457411
0.45718
0.527488
0.453087
0.442509
0.489637
0.473544
0.454014
0.547845
0.47887
0.480092
0.483603
0.466467
0.456655
0.481581
0.483439
0.452913
0.457581
0.452492
0.452368
0.482593
0.481961
0.454556
0.54089
0.484747
0.462521
0.487544
0.451883
0.479805
0.474809
0.454272
0.47992
0.463317
0.461645
0.486018
0.456431
0.499017
0.526831
0.487552
0.484082
0.450038
0.466698
0.521431
0.542299
0.528163
0.48616
0.459431
0.51184
0.486522
0.47816
