0.9353
0.934668
0.948053
0.952306
0.940832
0.925742
0.935544
0.940406
0.937603
0.93737
0.936997
0.931574
0.940293
0.939294
0.9274
0.936317
0.941442
0.927457
0.92703
0.928849
0.932043
0.931846
0.929336
0.928757
0.938157
0.945535
0.929349
0.937313
0.93017
0.933789
0.932813
0.930233
0.925848
0.930993
0.936996
0.929159
0.930629
0.926243
0.929754
0.941927
0.928611
0.92895
0.931504
0.935192
0.940567
0.926015
0.938815
0.928065
0.928278
0.934406
0.933332
0.932235
0.929258
0.926677
0.941861
0.928148
0.927452
0.938922
0.926419
0.932795
0.932181
0.932541
0.931682
0.926045
0.935643
0.928979
0.928857
0.929524
0.932722
0.928006
0.924427
0.941956
0.928985
0.931993
0.92762
0.925942
0.931614
0.928348
0.940137
0.941243
0.928442
0.939858
0.939521
0.929386
0.92919
0.930551
0.934791
0.932448
0.933407
0.930773
0.938727
0.93407
0.930261
0.927996
0.92901
0.934873
0.940114
0.928818
0.923663
0.932239
