1.22047
1.22682
1.22058
1.21361
1.22065
1.21573
1.21522
1.21889
1.21567
1.22395
1.22706
1.21986
1.22229
1.21625
1.21907
1.21644
1.22107
1.21938
1.21812
1.21986
1.219
1.22207
1.21574
1.22274
1.21477
1.21802
1.23891
1.2199
1.23359
1.2323
1.21879
1.21379
1.21568
1.2169
1.22183
1.21549
1.22113
1.22026
1.23468
1.22201
1.21858
1.21533
1.22273
1.22149
1.22176
1.21634
1.21857
1.22036
1.22217
1.21891
1.23577
1.21797
1.22119
1.22547
1.21783
1.21487
1.22519
1.22485
1.22249
1.22363
1.22342
1.22006
1.21826
1.21498
1.21371
1.22013
1.24186
1.23515
1.2336
1.2207
1.21662
1.21731
1.23698
1.22445
1.21695
1.2251
1.22022
1.22695
1.21586
1.22261
1.21988
1.22654
1.21834
1.21811
1.21411
1.21644
1.22385
1.2196
1.21527
1.21723
1.23321
1.23048
1.2179
1.22535
1.26156
1.22215
1.21728
1.22296
1.22794
1.22105
