0.62893
0.620172
0.626147
0.621228
0.629176
0.622828
0.626651
0.617141
0.619498
0.623796
0.624931
0.622242
0.62635
0.622011
0.625516
0.61921
0.622381
0.627141
0.618305
0.626764
0.620463
0.635379
0.62123
0.622566
0.626474
0.629734
0.617767
0.630794
0.622214
0.619342
0.620366
0.621778
0.621951
0.62725
0.623504
0.635137
0.652947
0.617533
0.626751
0.630333
0.620399
0.619648
0.617729
0.626192
0.621811
0.620948
0.641955
0.643089
0.617492
0.635544
0.64109
0.626353
0.619616
0.622961
0.636141
0.626144
0.622299
0.652228
0.621783
0.616966
0.622151
0.626787
0.62926
0.620779
0.620422
0.627699
0.62159
0.618557
0.626702
0.616378
0.62576
0.621447
0.628332
0.630195
0.630257
0.621691
0.626841
0.626954
0.641972
0.623522
0.618006
0.63027
0.623442
0.632483
0.630951
0.619769
0.632507
0.637348
0.637051
0.622794
0.630708
0.636766
0.628246
0.621729
0.622072
0.627643
0.644047
0.621264
0.627976
0.620672
