0.509434
0.448748
0.498293
0.442306
0.510214
0.497763
0.511738
0.482708
0.45376
0.495266
0.444633
0.465709
0.442672
0.43814
0.484328
0.447438
0.446491
0.533192
0.448959
0.52353
0.441486
0.439779
0.449241
0.453394
0.504766
0.465882
0.500051
0.460693
0.480538
0.447453
0.497872
0.480967
0.513878
0.434576
0.453323
0.516394
0.50002
0.487731
0.475568
0.460142
0.443227
0.44226
0.459647
0.44061
0.545932
0.512325
0.450327
0.474424
0.458731
0.48728
0.45168
0.463605
0.517488
0.589387
0.545848
0.60243
0.452406
0.502944
0.526623
0.527906
0.446294
0.499326
0.441558
0.510916
0.446326
0.473077
0.446326
0.521755
0.512027
0.478869
0.484519
0.522006
0.492731
0.436512
0.450075
0.431659
0.464108
0.464391
0.441061
0.442884
0.445734
0.540686
0.441713
0.48262
0.509308
0.526766
0.441642
0.451014
0.429191
0.444412
0.462032
0.46103
0.469539
0.447154
0.459192
0.559711
0.461737
0.537205
0.457784
0.477997
