3.02259
3.01306
3.01626
3.01788
3.01245
3.01367
3.01305
3.0125
3.00044
3.00981
3.01141
3.00058
3.00147
3.01169
3.02599
3.01696
3.01557
3.01297
3.0219
3.03306
3.02408
3.01679
3.0141
3.02852
3.03364
3.02082
3.02452
3.01268
3.01316
3.00729
3.02248
3.03024
3.01813
3.01682
3.00917
3.02142
3.01576
3.0336
3.02283
3.01839
3.02323
3.0289
3.02295
3.03111
3.02368
3.01694
3.01547
3.01966
3.01385
3.00499
3.01809
3.0109
3.00613
3.01365
3.00757
3.01694
3.00419
3.02162
3.00392
3.01397
3.01256
3.00654
3.01253
3.01968
3.03315
3.01661
3.01615
3.02293
3.01797
3.01136
3.0155
3.0136
3.0267
3.0162
3.02479
3.02223
3.01691
3.02034
3.03201
3.01934
3.00978
3.03569
3.01544
3.01505
3.02663
3.0156
3.01957
3.01813
3.02641
3.01435
3.0153
3.01333
3.01336
3.02597
3.01928
3.0149
3.01425
3.00586
3.00669
3.00509
