0.595576
0.606899
0.588132
0.586798
0.588296
0.588353
0.591629
0.586545
0.587602
0.588442
0.587859
0.584915
0.592589
0.585486
0.60058
0.59193
0.587892
0.585564
0.61806
0.59408
0.598573
0.587177
0.5844
0.590305
0.582439
0.5936
0.586695
0.583579
0.592642
0.594205
0.58791
0.595802
0.596783
0.596957
0.587552
0.58715
0.588872
0.592342
0.601972
0.592255
0.588301
0.591843
0.588176
0.585649
0.588446
0.586741
0.586942
0.590143
0.589876
0.60503
0.586839
0.584807
0.591014
0.586871
0.588318
0.602448
0.589932
0.587721
0.585192
0.586467
0.584687
0.588192
0.589095
0.592225
0.594923
0.595297
0.587308
0.627705
0.584223
0.595641
0.597973
0.584676
0.590049
0.60478
0.590051
0.589193
0.58891
0.586527
0.585637
0.592109
0.603659
0.587535
0.593351
0.590201
0.586338
0.588109
0.593124
0.587608
0.59312
0.588933
0.588503
0.590515
0.598199
0.59235
0.614984
0.585932
0.585891
0.604059
0.583931
0.585765
