0.495712
0.521545
0.485236
0.483608
0.522284
0.472845
0.516151
0.464686
0.490726
0.454118
0.494084
0.528654
0.475903
0.553203
0.564857
0.461327
0.506076
0.515366
0.564999
0.493829
0.516586
0.513064
0.466166
0.550363
0.489114
0.458714
0.521847
0.455638
0.5083
0.551568
0.474404
0.491849
0.463712
0.482613
0.5036
0.489224
0.464237
0.504234
0.459883
0.517539
0.466989
0.510101
0.458547
0.463341
0.46795
0.457841
0.455464
0.463838
0.54631
0.522241
0.463215
0.498403
0.455108
0.474865
0.530751
0.556585
0.509387
0.507813
0.51132
0.458402
0.476865
0.540563
0.507932
0.468637
0.473967
0.491339
0.532991
0.558323
0.458561
0.507039
0.459712
0.455079
0.498002
0.468837
0.464058
0.460769
0.474284
0.547117
0.486154
0.468514
0.481076
0.467948
0.509813
0.488704
0.508275
0.506358
0.47366
0.48755
0.458227
0.459905
0.538872
0.554442
0.511754
0.469138
0.514793
0.49521
0.458793
0.466927
0.464589
0.473348
