0.505113
0.493096
0.524833
0.50462
0.59062
0.575689
0.505499
0.511516
0.583517
0.506094
0.503408
0.525601
0.499933
0.520744
0.503351
0.556258
0.528541
0.511253
0.516755
0.504072
0.521006
0.513958
0.499074
0.516975
0.502325
0.524501
0.500062
0.530922
0.498634
0.516762
0.554103
0.512264
0.500975
0.50855
0.508409
0.549698
0.511972
0.501981
0.497814
0.504629
0.503427
0.520663
0.514992
0.503596
0.511172
0.504954
0.504847
0.502222
0.503381
0.503928
0.520663
0.525756
0.503102
0.505452
0.505861
0.519927
0.504586
0.498305
0.541002
0.524135
0.506833
0.51368
0.523041
0.520361
0.505636
0.504434
0.518932
0.498894
0.525083
0.500114
0.524943
0.514617
0.504555
0.500869
0.513895
0.518974
0.518093
0.515435
0.501209
0.50225
0.564219
0.501486
0.517275
0.525383
0.504693
0.51494
0.498982
0.521133
0.507605
0.511615
0.511584
0.521294
0.562201
0.50178
0.526115
0.503596
0.514707
0.508409
0.5683
0.515762
