0.71557
0.713925
0.709705
0.713797
0.709992
0.707298
0.71257
0.72779
0.705662
0.714009
0.709024
0.706763
0.70537
0.705982
0.718525
0.706973
0.707
0.712733
0.718894
0.705766
0.712513
0.708676
0.704625
0.721551
0.711666
0.706159
0.707264
0.716827
0.711118
0.708516
0.705389
0.711533
0.70712
0.707068
0.708255
0.713878
0.711102
0.706317
0.707853
0.710635
0.706241
0.706503
0.7091
0.705375
0.70793
0.712899
0.710381
0.7293
0.713751
0.713581
0.706493
0.725924
0.707713
0.710789
0.71011
0.708576
0.720494
0.70801
0.707034
0.708883
0.729737
0.711813
0.715345
0.707181
0.708054
0.710746
0.721101
0.706611
0.709114
0.7203
0.708905
0.704664
0.712586
0.712607
0.723938
0.710041
0.711589
0.710902
0.714794
0.710012
0.710845
0.70997
0.707956
0.721823
0.709203
0.707923
0.717579
0.710117
0.710353
0.70488
0.706664
0.714496
0.715127
0.712875
0.715077
0.708928
0.711616
0.707847
0.708599
0.70425
