0.763437
0.761521
0.752713
0.757543
0.768682
0.768334
0.761199
0.757646
0.754611
0.764406
0.757497
0.755635
0.762148
0.750662
0.754631
0.752362
0.7567
0.762259
0.757809
0.747896
0.75852
0.760527
0.750238
0.746807
0.75697
0.754528
0.764652
0.752686
0.761007
0.751163
0.760778
0.756999
0.750766
0.773405
0.807689
0.767264
0.75118
0.756144
0.75731
0.751784
0.758401
0.758224
0.752129
0.759194
0.756261
0.754013
0.757151
0.75407
0.750609
0.756265
0.761738
0.751291
0.75091
0.753539
0.753006
0.75425
0.749799
0.762943
0.751978
0.751894
0.75553
0.758154
0.751114
0.754445
0.761879
0.750715
0.750908
0.762103
0.7509
0.752013
0.753273
0.763257
0.764081
0.748119
0.761222
0.754456
0.758122
0.75354
0.757099
0.750109
0.753381
0.758127
0.762368
0.762708
0.756072
0.747544
0.753472
0.763799
0.749113
0.747647
0.750801
0.752037
0.762445
0.746854
0.753381
0.752497
0.75211
0.75625
0.747199
0.760506
