1.24226
1.25318
1.25172
1.23426
1.23442
1.24073
1.24419
1.25816
1.24389
1.23748
1.25431
1.23929
1.24377
1.24146
1.24262
1.23824
1.23241
1.23357
1.24195
1.23211
1.23471
1.23123
1.24451
1.23206
1.23756
1.23347
1.23066
1.23684
1.23278
1.23073
1.2288
1.23457
1.23791
1.24621
1.23332
1.25838
1.23375
1.23016
1.23923
1.23556
1.23639
1.23679
1.24304
1.2326
1.23626
1.23063
1.23419
1.23964
1.23835
1.24105
1.23441
1.23973
1.23433
1.2274
1.23547
1.23415
1.23894
1.25464
1.22834
1.23496
1.23784
1.23027
1.23287
1.23491
1.23912
1.22762
1.23431
1.23554
1.23601
1.23735
1.23301
1.23733
1.22916
1.25856
1.24332
1.23349
1.23457
1.24668
1.23449
1.2351
1.23059
1.23295
1.24086
1.23207
1.23235
1.24372
1.23781
1.23478
1.23241
1.23613
1.27763
1.25038
1.23895
1.25549
1.23087
1.22969
1.23414
1.22897
1.23541
1.23651
