1.25699
1.25839
1.25052
1.24871
1.25074
1.25197
1.24705
1.24485
1.24376
1.24648
1.2565
1.24824
1.24661
1.25412
1.25357
1.24876
1.2688
1.25609
1.25539
1.2508
1.24672
1.24487
1.25019
1.25262
1.2428
1.25072
1.24422
1.25537
1.2517
1.25275
1.24945
1.25528
1.25091
1.254
1.25082
1.25342
1.24711
1.25363
1.24518
1.25346
1.24953
1.25268
1.25054
1.24648
1.25349
1.24932
1.24302
1.24591
1.25062
1.24891
1.25201
1.24908
1.25355
1.2533
1.24455
1.26182
1.24877
1.25628
1.25409
1.27335
1.26447
1.25035
1.27549
1.26214
1.25016
1.25105
1.25509
1.25262
1.24686
1.25066
1.2581
1.25567
1.2569
1.24727
1.26287
1.24884
1.24566
1.24174
1.25455
1.25257
1.25206
1.24831
1.2625
1.24987
1.25133
1.2481
1.25829
1.24467
1.25289
1.24854
1.24531
1.2585
1.25474
1.25684
1.24781
1.24975
1.25696
1.25452
1.25158
1.25478
