3.05291
3.06374
3.05241
3.04439
3.03138
3.04428
3.05575
3.05397
3.0518
3.05761
3.05143
3.04619
3.04803
3.08257
3.04488
3.04997
3.03042
3.02307
3.01739
3.01948
3.04058
3.1838
3.01753
3.01319
3.01351
3.00538
3.02062
3.03332
3.01891
3.01991
3.03675
3.0301
3.01712
3.0365
3.02308
3.03025
3.25024
3.06926
3.02629
3.02591
3.03029
3.02268
3.03791
3.03336
3.03836
3.02323
3.03498
3.04269
3.03277
3.06782
3.05775
3.05352
3.03659
3.03268
3.02241
3.03024
3.0278
3.02668
3.04228
3.02189
3.02939
3.02188
3.02235
3.00874
3.0214
3.02854
3.02342
3.02135
3.01924
3.01975
3.02417
3.0172
3.02871
3.01794
3.02861
3.04667
3.03544
3.03401
3.02463
3.02063
3.02455
3.03016
3.02473
3.02155
3.0173
3.02933
3.02497
3.0133
3.02926
3.03474
3.03026
3.0336
3.04251
3.0135
3.01976
3.02114
3.01877
3.02748
3.02285
3.03812
