0.942137
0.937466
0.940539
0.942489
0.943302
0.948038
0.941413
0.936822
0.950142
0.951694
0.938719
0.940805
0.946586
0.94353
0.944055
0.944206
0.9423
0.949186
0.950056
0.941279
0.947659
0.938973
0.934708
0.94493
0.940709
0.939868
0.936687
0.93816
0.942492
0.938432
0.939677
0.940343
0.938505
0.94273
0.934763
0.94223
0.943553
0.941301
0.935014
0.941652
0.937677
0.941286
0.938003
0.938283
0.942089
0.942631
0.938949
0.943075
0.937605
0.94284
0.937688
0.936421
0.947995
0.938953
0.94077
0.939427
0.941655
0.94369
0.939185
0.937487
0.936644
0.942468
0.939691
0.966495
0.942089
0.941984
0.944793
0.939967
0.953305
0.942794
0.942245
0.944423
0.965165
0.969855
0.957074
0.942446
0.943852
0.939387
0.94635
0.9455
0.939989
0.93942
0.938916
0.951384
0.942694
0.935668
0.94455
0.940392
0.938341
0.938249
0.942746
0.94099
0.942068
0.939579
0.937675
0.941491
0.939169
0.943841
0.934704
0.940716
