0.934065
0.919137
0.910579
0.916293
0.91334
0.911365
0.903898
0.912056
0.909023
0.936891
0.906057
0.899086
0.905127
0.906592
0.904513
0.908946
0.903531
0.904999
0.900498
0.90344
0.90321
0.904103
0.900403
0.901198
0.906102
0.901728
0.915932
0.90732
0.949028
0.899025
0.902056
0.897905
0.903965
0.905356
0.904908
0.903722
0.902888
0.927684
0.900195
0.903914
0.902217
0.901969
0.905779
0.904484
0.899094
0.909502
0.90081
0.897583
0.907678
0.898506
0.905241
0.908798
0.926307
0.90049
0.902418
0.90419
0.90697
0.90256
0.903349
0.899657
0.907082
0.920403
0.89689
0.90562
0.898445
0.899686
0.902306
0.903931
0.89827
0.901912
0.902755
0.901324
0.907459
0.91461
0.904349
0.959067
0.901788
0.898015
0.907999
0.899315
0.907961
0.907428
0.900282
0.91116
0.913885
0.951503
0.904409
0.903241
0.898492
0.904773
0.9101
0.904053
0.908809
0.916479
0.902065
0.900036
0.904818
0.900249
0.903182
0.908734
