0.27688
0.289199
0.275846
0.295679
0.279526
0.311474
0.273343
0.273947
0.284768
0.273981
0.308138
0.277329
0.276465
0.27177
0.279196
0.280198
0.272138
0.274598
0.27453
0.293907
0.274153
0.296754
0.293157
0.285912
0.276253
0.283052
0.282562
0.273857
0.275276
0.289778
0.274378
0.27318
0.275776
0.276584
0.295176
0.275792
0.313795
0.337775
0.321673
0.321319
0.279917
0.282981
0.281625
0.27335
0.289708
0.275121
0.303575
0.285564
0.274242
0.279597
0.276455
0.273989
0.272838
0.281924
0.284052
0.279918
0.280017
0.2774
0.271524
0.272844
0.292224
0.277386
0.284813
0.291368
0.274629
0.271428
0.271469
0.288247
0.275568
0.283358
0.287667
0.273382
0.272076
0.271518
0.287892
0.286687
0.28561
0.274017
0.277974
0.279055
0.289039
0.291603
0.275538
0.271831
0.289359
0.291069
0.271633
0.274305
0.29826
0.276125
0.271782
0.270841
0.288016
0.280127
0.302672
0.287407
0.290881
0.295712
0.282884
0.273119
