1.59446
1.62978
1.60844
1.58548
1.58651
1.57364
1.59196
1.58756
1.59209
1.58057
1.57645
1.58706
1.58011
1.60659
1.5964
1.59422
1.58919
1.59471
1.59922
1.58487
1.59516
1.59176
1.58812
1.59136
1.59667
1.60481
1.5985
1.59876
1.60809
1.59731
1.57967
1.58479
1.58377
1.59559
1.59119
1.58337
1.57864
1.57702
1.58135
1.58869
1.57558
1.58709
1.57299
1.57539
1.57445
1.57916
1.5817
1.5694
1.5767
1.585
1.58047
1.58134
1.58163
1.58389
1.5827
1.57894
1.58308
1.57897
1.58812
1.57399
1.58905
1.57265
1.59603
1.59997
1.58341
1.59275
1.59388
1.57859
1.57638
1.59015
1.59109
1.58753
1.58884
1.5838
1.62394
1.61063
1.60888
1.59898
1.58667
1.57651
1.59524
1.58332
1.59222
1.58947
1.59172
1.5981
1.59406
1.59878
1.59512
1.60663
1.58862
1.60128
1.60572
1.58942
1.60457
1.58251
1.59577
1.59745
1.58707
1.58452
