0.470792
0.458958
0.472354
0.485863
0.469429
0.46075
0.4782
0.46758
0.463428
0.464978
0.466151
0.471127
0.465051
0.463279
0.465242
0.462091
0.46246
0.467097
0.462935
0.466704
0.460591
0.464711
0.466506
0.469055
0.462182
0.467335
0.467547
0.461401
0.465021
0.46957
0.463701
0.466155
0.467389
0.463256
0.460848
0.463625
0.490599
0.495607
0.468913
0.469011
0.465222
0.468729
0.470604
0.500385
0.462214
0.478683
0.482671
0.466133
0.46475
0.460594
0.463089
0.461894
0.463774
0.458123
0.462254
0.467884
0.461163
0.462843
0.467306
0.464805
0.460826
0.466086
0.460102
0.467385
0.457746
0.465213
0.458636
0.470827
0.462378
0.460054
0.464149
0.463458
0.466921
0.4702
0.464394
0.462105
0.463344
0.458952
0.467511
0.459474
0.466741
0.463168
0.469315
0.458335
0.464129
0.465385
0.461032
0.465533
0.464314
0.466236
0.460963
0.46857
0.464446
0.470096
0.464539
0.465649
0.463445
0.471735
0.459725
0.463737
