0.289944
0.258124
0.270067
0.323861
0.310967
0.26079
0.264895
0.264616
0.298228
0.270101
0.260887
0.26479
0.261774
0.293052
0.266984
0.258484
0.281402
0.298265
0.266763
0.269059
0.272075
0.261387
0.276072
0.263669
0.283774
0.264118
0.26115
0.265913
0.289747
0.266396
0.272311
0.273114
0.260031
0.26365
0.257396
0.272494
0.257124
0.26137
0.266
0.264646
0.260242
0.260919
0.2805
0.266387
0.271506
0.256825
0.302253
0.272418
0.298177
0.293841
0.267536
0.278984
0.260821
0.276903
0.258288
0.267456
0.282887
0.266513
0.255917
0.266371
0.271435
0.255928
0.260201
0.273117
0.269134
0.26036
0.26067
0.258964
0.267615
0.269646
0.261766
0.267601
0.267062
0.258286
0.276593
0.265326
0.256355
0.26955
0.273262
0.2785
0.257375
0.26415
0.271466
0.27471
0.267746
0.261639
0.263669
0.269187
0.270428
0.27815
0.278244
0.278842
0.261276
0.25859
0.284068
0.259143
0.266325
0.264044
0.25795
0.299811
