0.324738
0.319076
0.32554
0.32217
0.32186
0.32074
0.358639
0.324964
0.354726
0.329157
0.355978
0.355311
0.323537
0.322611
0.323061
0.326098
0.319231
0.321609
0.32773
0.317276
0.325575
0.347393
0.325014
0.328479
0.320553
0.323281
0.329724
0.319063
0.319893
0.327053
0.323844
0.334645
0.328662
0.322678
0.31814
0.320648
0.320419
0.338911
0.321674
0.321644
0.337844
0.319718
0.321547
0.325979
0.320989
0.322235
0.325363
0.320533
0.322525
0.322928
0.319919
0.325577
0.322373
0.320226
0.327769
0.323641
0.322873
0.325944
0.321721
0.318333
0.336911
0.322932
0.317144
0.34461
0.323309
0.322111
0.327709
0.341217
0.330559
0.331964
0.320831
0.322078
0.342618
0.322597
0.320657
0.342482
0.326419
0.319648
0.340948
0.328022
0.318277
0.322641
0.321471
0.322196
0.322724
0.325352
0.319452
0.323044
0.324662
0.319534
0.32224
0.341754
0.320783
0.320537
0.327105
0.31933
0.319613
0.323551
0.320174
0.32137
