0.485729
0.479036
0.484009
0.485235
0.48038
0.479448
0.48311
0.486406
0.482209
0.485904
0.47702
0.484356
0.477217
0.488315
0.477036
0.486545
0.481697
0.496051
0.527495
0.482879
0.479699
0.48343
0.477852
0.487154
0.477374
0.484105
0.477964
0.495249
0.480136
0.489113
0.479558
0.482857
0.478914
0.480696
0.484352
0.483123
0.481792
0.484913
0.5005
0.543807
0.481648
0.486489
0.485788
0.480874
0.48244
0.480795
0.479577
0.479634
0.479906
0.482786
0.482084
0.479265
0.499918
0.48251
0.48986
0.483036
0.490833
0.48144
0.494233
0.480452
0.492954
0.500298
0.482703
0.482358
0.482546
0.479844
0.483325
0.480507
0.479371
0.479001
0.483091
0.483528
0.483381
0.484757
0.480832
0.485933
0.481738
0.488443
0.48125
0.483503
0.480539
0.492093
0.486125
0.48457
0.490981
0.480902
0.480375
0.480879
0.479749
0.485118
0.478554
0.482596
0.47817
0.487302
0.484564
0.481922
0.478318
0.477257
0.481308
0.480398
