0.261965
0.237078
0.253678
0.286107
0.238962
0.260384
0.232998
0.242374
0.241756
0.23311
0.284484
0.238726
0.225083
0.221564
0.24141
0.232031
0.250842
0.222672
0.239948
0.232515
0.291364
0.279255
0.294107
0.241934
0.272764
0.268034
0.269086
0.239539
0.267892
0.223393
0.224765
0.242192
0.233703
0.234116
0.243193
0.27773
0.239813
0.28555
0.277558
0.250236
0.236764
0.24523
0.23611
0.277308
0.273892
0.267625
0.240934
0.269957
0.262257
0.28751
0.231967
0.268813
0.264
0.242816
0.269121
0.264357
0.231623
0.241984
0.247646
0.274853
0.235852
0.24016
0.26427
0.236723
0.250317
0.248322
0.234228
0.238757
0.28694
0.26967
0.29004
0.236011
0.23819
0.244713
0.240351
0.272481
0.219848
0.238092
0.266062
0.284008
0.229482
0.252673
0.271443
0.255705
0.267727
0.22405
0.240928
0.229761
0.281849
0.241443
0.269187
0.230099
0.270854
0.245673
0.263556
0.261183
0.287004
0.269685
0.239634
0.268931
