0.955705
0.95242
0.960087
0.957857
0.954056
0.958347
0.955888
0.956628
0.953316
0.957569
0.967374
0.967221
1.62912
1.04634
1.12974
1.27536
1.00697
0.991171
0.98277
0.984154
0.975338
0.989124
0.987262
0.98153
0.985437
0.997265
0.980658
0.983054
1.07022
0.995976
0.977782
0.977002
0.987872
1.0153
1.02466
0.991169
0.968741
0.993972
0.970767
0.984522
0.984874
0.990169
0.994936
1.01074
1.01675
0.972837
0.990991
0.974251
0.978329
0.971973
0.961617
0.955654
0.981049
0.984843
1.00541
0.968466
0.957917
0.957331
0.956597
0.966557
0.963736
0.998946
0.978305
0.962849
0.961429
0.961437
0.96007
0.959062
0.952402
0.959065
0.951445
0.952058
0.96093
0.961287
0.952889
0.96047
0.974413
0.963886
0.957879
0.952634
0.960519
0.975299
0.993463
0.95948
0.978048
0.957775
0.958554
0.958791
0.953596
0.954317
0.956469
0.959008
0.960824
0.958544
0.957914
0.960624
0.962504
0.958464
0.963633
0.953517
