0.397981
0.389067
0.391456
0.398969
0.389891
0.391817
0.3892
0.413571
0.436626
0.422877
0.422709
0.385853
0.396308
0.388076
0.38537
0.397129
0.385545
0.390618
0.389886
0.391628
0.392339
0.385513
0.39095
0.394983
0.385546
0.396154
0.387024
0.39269
0.390745
0.390061
0.394875
0.393817
0.391022
0.398823
0.385085
0.39507
0.389676
0.388252
0.397086
0.389194
0.396691
0.384706
0.387286
0.395318
0.386173
0.392693
0.387587
0.386298
0.394243
0.390048
0.393218
0.389343
0.385895
0.394753
0.389063
0.389436
0.397716
0.388827
0.393274
0.38853
0.389129
0.396849
0.38838
0.393013
0.387465
0.386444
0.39537
0.396948
0.39223
0.390755
0.385795
0.393377
0.389494
0.392973
0.392124
0.390471
0.391725
0.391896
0.392162
0.390867
0.387353
0.392077
0.393301
0.391799
0.395872
0.385491
0.392665
0.388829
0.38982
0.395178
0.390557
0.393241
0.388369
0.387219
0.394622
0.386332
0.392593
0.391982
0.396987
0.410168
