0.260027
0.275759
0.251319
0.243595
0.254469
0.267734
0.264588
0.239423
0.271779
0.249412
0.257547
0.261872
0.260288
0.256553
0.292027
0.244175
0.241175
0.278654
0.236873
0.264462
0.25281
0.293467
0.260696
0.239486
0.240746
0.288288
0.238529
0.259269
0.256436
0.237609
0.275472
0.277978
0.26313
0.236546
0.247352
0.242811
0.26462
0.253729
0.25916
0.265269
0.239994
0.273923
0.293213
0.281907
0.258241
0.248429
0.239132
0.274829
0.247295
0.2453
0.263024
0.268087
0.255551
0.272758
0.246462
0.258495
0.257637
0.264422
0.294999
0.240011
0.291214
0.239392
0.266
0.244587
0.249884
0.256248
0.246528
0.237443
0.256273
0.250424
0.265791
0.238459
0.24507
0.238574
0.264952
0.26943
0.276124
0.263282
0.250489
0.240181
0.236045
0.265158
0.24529
0.28995
0.246045
0.306993
0.255476
0.263151
0.236998
0.247127
0.266983
0.251168
0.293846
0.243039
0.274873
0.24401
0.286135
0.265832
0.255101
0.247696
