0.657057
0.639741
0.648955
0.650327
0.63351
0.651211
0.650499
0.637796
0.653337
0.650093
0.638576
0.651853
0.639214
0.650201
0.652995
0.640664
0.649264
0.654701
0.655518
0.652456
0.653292
0.637154
0.649481
0.65301
0.639891
0.647215
0.648383
0.639901
0.654422
0.653279
0.645367
0.654849
0.641278
0.651989
0.644551
0.642282
0.642992
0.639953
0.641233
0.640664
0.651473
0.638486
0.645741
0.643934
0.647101
0.654407
0.64872
0.638193
0.641872
0.638964
0.647949
0.646728
0.65061
0.644244
0.644106
0.644709
0.64046
0.652196
0.640119
0.647231
0.644654
0.637401
0.642502
0.644141
0.643925
0.650081
0.635997
0.650359
0.645078
0.638969
0.648633
0.645181
0.642058
0.65337
0.64708
0.643617
0.645378
0.645738
0.64229
0.648319
0.654175
0.646256
0.647075
0.647516
0.641261
0.649616
0.64155
0.648158
0.649107
0.644497
0.648176
0.648403
0.644047
0.65462
0.654606
0.643531
0.649855
0.655774
0.639647
0.650648
