0.279692
0.240067
0.282417
0.250795
0.27742
0.238249
0.295737
0.286518
0.253373
0.237355
0.237749
0.25288
0.270197
0.252215
0.286714
0.291316
0.244311
0.278639
0.250917
0.268805
0.255573
0.255929
0.2867
0.255086
0.236002
0.236817
0.232986
0.253129
0.329813
0.242139
0.283461
0.287996
0.265353
0.238651
0.246587
0.282915
0.243054
0.250397
0.24636
0.258297
0.273977
0.226186
0.258967
0.258237
0.237517
0.283653
0.258202
0.285094
0.24259
0.283479
0.258676
0.252347
0.291414
0.244246
0.255229
0.241426
0.281953
0.287841
0.236168
0.253485
0.236669
0.256445
0.263244
0.239053
0.251668
0.292973
0.287513
0.242604
0.2588
0.26637
0.252022
0.236059
0.291847
0.302093
0.252007
0.28084
0.258185
0.271379
0.283501
0.279446
0.240472
0.266045
0.284621
0.262949
0.251889
0.289366
0.248513
0.243842
0.260812
0.250974
0.251266
0.239765
0.247621
0.279925
0.259765
0.236586
0.235124
0.238949
0.294058
0.242279
