0.799038
0.79677
0.797252
0.796489
0.800442
0.798366
0.797898
0.799036
0.801998
0.798082
0.799569
0.793585
0.796303
0.800883
0.79356
0.799699
0.795413
0.795503
0.798197
0.802141
0.797609
0.79326
0.797529
0.797459
0.801628
0.798072
0.796429
0.8017
0.791757
0.798941
0.79191
0.798572
0.799129
0.795272
0.791883
0.793173
0.790979
0.794626
0.793774
0.793044
0.792753
0.790285
0.797367
0.796353
0.792547
0.801898
0.793428
0.791339
0.798099
0.795964
0.793202
0.796435
0.798492
0.797112
0.79309
0.79682
0.797735
0.797335
0.796575
0.796218
0.792798
0.789547
0.799533
0.805765
0.816564
0.810043
0.808374
0.809486
0.811717
0.812648
0.819491
0.809768
0.807614
0.802086
0.799305
0.798618
0.801644
0.792707
0.827003
0.871354
0.917145
0.809082
0.806866
0.790873
0.810507
0.80619
0.80485
0.805782
0.797103
0.915804
0.800698
0.813443
0.803873
0.803461
0.795373
0.802722
0.802756
0.801785
0.800077
0.79508
