0.372915
0.374338
0.400414
0.626366
0.432492
0.365752
0.379096
0.365276
0.377317
0.375662
0.365254
0.371113
0.366889
0.364751
0.367933
0.366903
0.370512
0.368553
0.362599
0.366808
0.36607
0.363487
0.365606
0.367011
0.367879
0.368394
0.366289
0.364621
0.37349
0.362723
0.364811
0.366307
0.363672
0.365826
0.365328
0.365512
0.371253
0.368127
0.364119
0.364427
0.362453
0.36986
0.368266
0.372035
0.363972
0.364764
0.365693
0.369031
0.365732
0.370315
0.369856
0.3623
0.365707
0.364769
0.364247
0.385635
0.36205
0.364418
0.366845
0.366132
0.365945
0.364515
0.365753
0.364829
0.36648
0.367729
0.366322
0.364564
0.366271
0.366762
0.366362
0.367677
0.367644
0.365398
0.365226
0.364768
0.375172
0.374189
0.364084
0.366221
0.363838
0.365995
0.364511
0.36448
0.36892
0.367896
0.363437
0.365291
0.365069
0.365412
0.363862
0.372587
0.365325
0.363348
0.365659
0.368415
0.374975
0.362314
0.369836
0.369578
