0.316938
0.315306
0.304267
0.310338
0.308639
0.301453
0.310722
0.312833
0.305574
0.311934
0.307636
0.300728
0.300934
0.306497
0.302335
0.300549
0.302623
0.313428
0.299763
0.307787
0.30828
0.299611
0.302053
0.311121
0.303016
0.301029
0.30669
0.304467
0.302213
0.305386
0.312222
0.30063
0.306553
0.307187
0.305223
0.303328
0.31608
0.30292
0.301312
0.309539
0.304405
0.302417
0.314683
0.30241
0.302615
0.308951
0.312902
0.30002
0.301696
0.309123
0.317267
0.300978
0.309467
0.3042
0.310685
0.311606
0.302775
0.301924
0.306095
0.314104
0.303178
0.30568
0.307169
0.300273
0.301472
0.307955
0.306138
0.300339
0.314695
0.304969
0.30229
0.309785
0.307232
0.300745
0.302141
0.306124
0.307851
0.303869
0.306785
0.301147
0.302337
0.313756
0.307441
0.303426
0.304135
0.307606
0.300502
0.300953
0.308245
0.302135
0.300823
0.31309
0.303343
0.30228
0.307279
0.311072
0.3035
0.313186
0.307192
0.303188
