0.63058
0.634879
0.633651
0.644799
0.635501
0.628601
0.638657
0.62923
0.629674
0.638363
0.633718
0.636656
0.639053
0.637972
0.633079
0.629034
0.627942
0.631485
0.634186
0.627873
0.629505
0.632846
0.628801
0.634511
0.63186
0.630632
0.638511
0.636448
0.639611
0.635751
0.642712
0.655784
0.644672
0.635554
0.639204
0.633868
0.632687
0.633554
0.635998
0.634713
0.634929
0.627942
0.631771
0.638494
0.627501
0.633528
0.634676
0.630273
0.639655
0.626939
0.628366
0.63414
0.626926
0.629082
0.632556
0.627374
0.633529
0.630321
0.635165
0.632083
0.629187
0.6287
0.628937
0.626458
0.629201
0.63932
0.627359
0.631878
0.630143
0.630584
0.633947
0.627485
0.632544
0.628428
0.626276
0.632853
0.627507
0.626976
0.631589
0.627328
0.637728
0.639459
0.625191
0.630496
0.63837
0.628091
0.640837
0.637777
0.633278
0.646483
0.629053
0.637694
0.648789
0.630745
0.631764
0.634815
0.628432
0.635998
0.634232
0.637571
