0.152291
0.149151
0.147372
0.147824
0.147218
0.147687
0.156384
0.150312
0.14949
0.14797
0.150258
0.147145
0.147032
0.155303
0.150921
0.147466
0.147737
0.148277
0.146863
0.153085
0.147865
0.150797
0.148347
0.146259
0.148117
0.146451
0.155278
0.148681
0.149583
0.147231
0.148212
0.14657
0.150204
0.16028
0.148327
0.147469
0.147728
0.147408
0.148772
0.153864
0.147901
0.150199
0.14835
0.148982
0.148161
0.149828
0.152983
0.149266
0.149785
0.14793
0.148799
0.147874
0.151826
0.147925
0.14907
0.146809
0.149442
0.147131
0.148959
0.153662
0.146453
0.149444
0.147905
0.147345
0.146941
0.147079
0.151322
0.149549
0.147796
0.146233
0.147386
0.147208
0.152254
0.147655
0.151112
0.147114
0.146793
0.148894
0.146985
0.15219
0.147516
0.150036
0.147842
0.147105
0.149444
0.154462
0.147525
0.148535
0.151176
0.148734
0.147942
0.14845
0.149734
0.147494
0.151106
0.148237
0.147407
0.146299
0.148267
0.150554
