0.226918
0.224866
0.238176
0.225194
0.228855
0.228445
0.228849
0.231433
0.226397
0.224053
0.22751
0.233037
0.229225
0.226731
0.224813
0.237273
0.226693
0.225261
0.22506
0.228274
0.228643
0.225953
0.224284
0.227657
0.238547
0.226275
0.226887
0.225781
0.236336
0.225665
0.226527
0.229868
0.231513
0.234377
0.226152
0.233778
0.224902
0.234165
0.227999
0.227241
0.23011
0.245492
0.23066
0.228506
0.227821
0.237985
0.226242
0.22596
0.229942
0.226378
0.237072
0.267201
0.245426
0.232242
0.234501
0.22918
0.226378
0.22572
0.235247
0.225351
0.226352
0.22476
0.236501
0.224821
0.224922
0.225806
0.225388
0.234892
0.225662
0.234866
0.227307
0.232852
0.228224
0.226432
0.224742
0.230193
0.225593
0.226628
0.225241
0.22651
0.236393
0.226004
0.225437
0.226971
0.236439
0.22403
0.234895
0.225378
0.23929
0.226257
0.228414
0.226677
0.226356
0.235698
0.229774
0.2252
0.246345
0.23143
0.225609
0.225367
