0.958108
0.959937
0.949806
0.957917
0.95292
0.965564
0.958421
0.953857
0.958091
0.954019
0.957449
0.957168
0.95112
0.953415
0.954876
0.962606
0.970184
0.960164
0.951517
0.949801
0.950177
0.948058
0.951743
0.954853
0.959059
0.949907
0.950185
0.951232
0.95463
0.955111
0.956787
0.953078
0.95072
0.950934
0.956242
0.954922
0.948917
0.958652
0.955314
0.956628
0.957871
0.956241
0.954896
0.956971
0.95135
0.962721
0.955632
0.953495
0.950764
0.959828
0.961929
0.955054
0.953479
0.95221
0.95275
0.955079
0.956479
0.960999
0.955412
0.960707
0.95556
0.957033
0.954041
0.958048
0.957673
0.977142
0.959855
0.96651
0.963425
0.954046
0.95524
0.952429
0.953076
0.951862
0.954479
0.95513
0.963782
0.953009
0.964415
0.954711
0.949456
0.956692
0.95238
0.954978
0.952418
0.952696
0.954826
0.957706
0.958022
0.954341
0.951749
0.957805
0.952261
0.953269
0.956882
0.952754
0.950993
0.959528
0.955314
0.950457
