0.798771
0.801702
0.802046
0.805185
0.802041
0.811634
0.798174
0.803535
0.800747
0.794516
0.801823
0.796417
0.8061
0.796966
0.800114
0.800096
0.794912
0.803217
0.806012
0.795714
0.79947
0.799989
0.796187
0.797432
0.800979
0.808658
0.799909
0.794174
0.797683
0.800867
0.803374
0.804022
0.796997
0.798907
0.803511
0.797969
0.806361
0.795795
0.796371
0.803284
0.803738
0.796226
0.792611
0.796454
0.803303
0.795239
0.800677
0.793925
0.794136
0.797537
0.800771
0.802504
0.795293
0.805143
0.80697
0.801345
0.798686
0.795069
0.804545
0.79815
0.800421
0.806199
0.793947
0.804254
0.803003
0.802074
0.800829
0.79413
0.801128
0.80155
0.804313
0.807226
0.800635
0.802166
0.796757
0.797477
0.799534
0.797252
0.796616
0.801457
0.797716
0.801631
0.791785
0.79604
0.797813
0.802109
0.803086
0.794345
0.798355
0.799642
0.802246
0.805075
0.804974
0.803948
0.804792
0.810659
0.800748
0.796858
0.803601
0.799168
