0.0866894
0.093084
0.0854611
0.085337
0.0852826
0.0852712
0.0872852
0.0868576
0.0858027
0.0868409
0.0872963
0.0876818
0.0920081
0.0853131
0.0846534
0.0878951
0.085117
0.0862117
0.087804
0.0851428
0.0856088
0.0853352
0.0856624
0.0890164
0.0866901
0.0857802
0.086338
0.085385
0.0858962
0.0867868
0.0887686
0.0949698
0.087325
0.0864247
0.0929867
0.0855729
0.0853176
0.0871026
0.0857072
0.0873928
0.0871852
0.0915019
0.087635
0.0860188
0.0921162
0.0889386
0.0851003
0.085302
0.0853742
0.0855768
0.0872132
0.0852789
0.0860946
0.0862882
0.0851715
0.0855671
0.0874202
0.0855775
0.0862393
0.0857958
0.0858314
0.0867411
0.0865962
0.0855556
0.0865069
0.0853712
0.08549
0.0878641
0.0883616
0.0867744
0.0868783
0.0890806
0.0861985
0.0887159
0.085311
0.0867764
0.086493
0.0863687
0.0869945
0.0881867
0.0867044
0.0860005
0.08775
0.084999
0.0871488
0.0853789
0.0892679
0.0854083
0.0848562
0.0848304
0.0908555
0.0881993
0.0854016
0.0864637
0.0853832
0.0864686
0.0864867
0.0855319
0.0857197
0.0876069
