0.093328
0.0926525
0.0958711
0.0917167
0.0908656
0.0924639
0.0923874
0.0977049
0.0921149
0.0920358
0.0926303
0.091685
0.0927927
0.0952668
0.09118
0.0919982
0.0929156
0.100278
0.0910032
0.0912049
0.0937106
0.0937206
0.0945835
0.0968352
0.0919704
0.0911873
0.0920108
0.0929514
0.100696
0.0917427
0.0919411
0.0919775
0.0928598
0.0927434
0.0918056
0.0918951
0.091761
0.0913197
0.0939169
0.0910826
0.0938461
0.0921597
0.0924734
0.0936891
0.0931536
0.0910691
0.0916619
0.0919429
0.0921943
0.0930892
0.0959593
0.0915003
0.0914995
0.0955891
0.0924403
0.0915259
0.0916137
0.0911369
0.092287
0.0973595
0.0913027
0.0916229
0.0919085
0.0966539
0.0947252
0.0939458
0.0923331
0.0914187
0.0932172
0.0956404
0.0984529
0.0972319
0.0934047
0.0914445
0.0946642
0.0922478
0.0923891
0.0913692
0.0916827
0.0923951
0.0992442
0.0910619
0.0915921
0.0911808
0.0930833
0.092437
0.0975266
0.0919844
0.0934976
0.0930651
0.0973512
0.0920508
0.0915788
0.0932821
0.0917185
0.0954166
0.0921498
0.0913989
0.0916542
0.0925596
