0.150508
0.144555
0.145998
0.146607
0.14772
0.146767
0.145076
0.145778
0.145692
0.145352
0.149712
0.145637
0.146598
0.14682
0.144801
0.146196
0.145298
0.146775
0.145986
0.144921
0.144834
0.150429
0.146163
0.145153
0.148331
0.14609
0.14477
0.146317
0.14572
0.146853
0.149664
0.149967
0.145813
0.144821
0.14436
0.145402
0.145826
0.15176
0.148662
0.144969
0.145586
0.145552
0.146641
0.14711
0.150108
0.154587
0.148479
0.145661
0.145679
0.14601
0.150037
0.145557
0.146436
0.1462
0.145236
0.145966
0.146321
0.148801
0.145353
0.146194
0.146829
0.144498
0.145351
0.146587
0.148917
0.145884
0.145207
0.144577
0.145283
0.144583
0.145703
0.149805
0.146354
0.146785
0.14772
0.146725
0.145896
0.150121
0.145003
0.147515
0.145201
0.145971
0.148658
0.146719
0.150604
0.146004
0.14559
0.147099
0.14726
0.144848
0.145103
0.147197
0.146284
0.146941
0.146526
0.145828
0.144366
0.151089
0.147219
0.145557
