0.076897
0.085246
0.0756229
0.0754559
0.0737264
0.0711271
0.072387
0.071198
0.0712001
0.0717496
0.0735032
0.0854569
0.0718095
0.0777295
0.0772845
0.0721262
0.0719053
0.0858016
0.0755302
0.0755038
0.0706965
0.0710718
0.0706643
0.0738984
0.0710503
0.0708906
0.0783763
0.0727214
0.0729471
0.0728665
0.0820286
0.0728413
0.0714876
0.076794
0.0725171
0.0722446
0.0866269
0.0715291
0.0777413
0.0762664
0.073002
0.071843
0.0707349
0.073769
0.0718378
0.0781443
0.0712481
0.0723387
0.0711997
0.0733905
0.0718149
0.0723725
0.0733463
0.071166
0.0738684
0.072338
0.0718538
0.071132
0.0717003
0.0724501
0.0747736
0.0738498
0.0759743
0.0748286
0.0710103
0.0746354
0.0820281
0.0715384
0.073044
0.0721138
0.0716086
0.071267
0.0735821
0.0764962
0.0716802
0.0711821
0.0722331
0.0708582
0.0733081
0.0768387
0.0756349
0.0730224
0.0746176
0.0770914
0.0712954
0.0737787
0.071382
0.0720453
0.0716437
0.0729441
0.0724522
0.0764973
0.0806206
0.0711332
0.0801751
0.0731997
0.0731299
0.072145
0.0708629
0.071748
