0.0718713
0.0754892
0.070013
0.0637648
0.0756788
0.0706777
0.0727987
0.064305
0.0651864
0.0760787
0.0759494
0.0652266
0.0773702
0.0664864
0.0677657
0.0649556
0.0677853
0.064977
0.0691505
0.0734529
0.0768013
0.0751118
0.0605146
0.0643413
0.0702344
0.069355
0.0710971
0.0711305
0.07008
0.0732559
0.0638558
0.0648176
0.0710697
0.0711727
0.076141
0.0680293
0.0716028
0.0700468
0.0756668
0.0704135
0.0646151
0.0715667
0.0678422
0.0678682
0.063451
0.064333
0.0663875
0.072473
0.068189
0.0756069
0.0761271
0.0733038
0.0687067
0.0706532
0.0728379
0.0720741
0.0721424
0.0705155
0.0698686
0.0696127
0.0687459
0.0797072
0.064381
0.0757603
0.0707949
0.0681221
0.0801295
0.0713192
0.0732292
0.0759911
0.0640539
0.0789974
0.0728573
0.0762204
0.0802188
0.0645847
0.0785833
0.0727816
0.0831212
0.0633656
0.0702273
0.0641165
0.0707247
0.0712198
0.0705167
0.0643053
0.0711889
0.0659797
0.0715042
0.076982
0.0707082
0.0656192
0.071673
0.0719216
0.0637183
0.0701422
0.0708549
0.0693387
0.0712061
0.0647085
