0.213238
0.212468
0.21859
0.215712
0.212
0.212298
0.213461
0.217233
0.214003
0.216879
0.21398
0.219725
0.211925
0.211236
0.213828
0.223172
0.218663
0.209784
0.212687
0.209899
0.209401
0.217861
0.211859
0.209014
0.212202
0.21602
0.213001
0.213116
0.211697
0.209298
0.219863
0.21102
0.211447
0.21213
0.211223
0.215816
0.213793
0.213136
0.210707
0.220158
0.210516
0.210031
0.212316
0.211199
0.215102
0.210856
0.210461
0.212628
0.212599
0.218994
0.213019
0.211285
0.212682
0.221843
0.210392
0.210404
0.21119
0.209983
0.220859
0.210023
0.21021
0.209568
0.22175
0.212607
0.212805
0.211669
0.212235
0.222143
0.211481
0.209813
0.212919
0.210573
0.223607
0.210521
0.211522
0.209768
0.222449
0.212342
0.21167
0.210309
0.211362
0.219322
0.212342
0.210461
0.210157
0.211645
0.221194
0.213337
0.211029
0.211723
0.221551
0.212159
0.211083
0.211868
0.210479
0.221932
0.21111
0.20964
0.209822
0.223378
