0.154919
0.155088
0.163201
0.154568
0.154637
0.155654
0.154294
0.154517
0.158378
0.154636
0.153105
0.157385
0.154776
0.154674
0.160357
0.158556
0.155566
0.155796
0.154288
0.153549
0.156387
0.157472
0.155554
0.156386
0.155631
0.155814
0.1543
0.159121
0.154197
0.155844
0.154988
0.155445
0.154957
0.154828
0.157023
0.154256
0.1597
0.153178
0.154807
0.154611
0.155786
0.154191
0.155256
0.15836
0.154379
0.154604
0.155671
0.15342
0.154256
0.155693
0.154086
0.154456
0.155561
0.156246
0.155239
0.154638
0.154207
0.154687
0.153705
0.157505
0.153974
0.154865
0.155676
0.154656
0.153572
0.160037
0.153763
0.154185
0.153924
0.153224
0.157183
0.154082
0.15791
0.155237
0.153757
0.154848
0.154795
0.15352
0.155138
0.155164
0.152909
0.15457
0.154772
0.154476
0.156519
0.156662
0.155878
0.15345
0.153484
0.154374
0.154866
0.158023
0.154997
0.154148
0.155117
0.154699
0.15464
0.155563
0.156114
0.155281
