0.110947
0.114805
0.109929
0.111209
0.109284
0.109804
0.118943
0.11133
0.110745
0.109006
0.111235
0.108542
0.108763
0.110148
0.109125
0.117256
0.110544
0.109359
0.114465
0.111365
0.109646
0.112299
0.110753
0.109446
0.113814
0.109811
0.110786
0.109524
0.110876
0.108824
0.10907
0.108799
0.116688
0.110012
0.108214
0.111658
0.110994
0.110456
0.108622
0.1091
0.11345
0.116415
0.109932
0.154771
0.147069
0.115234
0.133563
0.134534
0.128941
0.122247
0.108257
0.110646
0.109097
0.111091
0.10904
0.11097
0.111471
0.116732
0.108828
0.111041
0.111145
0.110314
0.11001
0.110056
0.114225
0.112547
0.119082
0.109115
0.11194
0.109711
0.110227
0.11004
0.109992
0.10931
0.11361
0.118248
0.111118
0.109252
0.110107
0.111775
0.109158
0.108795
0.110854
0.109147
0.120143
0.111887
0.112559
0.110512
0.111098
0.109363
0.110041
0.11168
0.116896
0.108913
0.10926
0.110117
0.10892
0.113756
0.109922
0.109426
