0.418204
0.416427
0.423401
0.416179
0.423179
0.415708
0.424902
0.421505
0.417361
0.422972
0.414736
0.426954
0.419457
0.425572
0.416638
0.416144
0.42476
0.417399
0.424015
0.414944
0.41632
0.435714
0.419127
0.426189
0.416496
0.423725
0.418857
0.419122
0.426677
0.425793
0.424219
0.417731
0.427834
0.416405
0.413743
0.431268
0.417575
0.428364
0.4185
0.42818
0.416698
0.419586
0.427113
0.41872
0.425468
0.415027
0.42793
0.41615
0.414793
0.430031
0.41498
0.430065
0.417373
0.416447
0.42539
0.418204
0.424116
0.421767
0.425782
0.419023
0.420788
0.424954
0.420704
0.425186
0.420107
0.423634
0.420077
0.422455
0.421582
0.419082
0.424554
0.419933
0.417595
0.426388
0.419926
0.425869
0.419037
0.420595
0.421
0.41769
0.418562
0.427534
0.420924
0.417491
0.422114
0.418038
0.417121
0.426724
0.42017
0.426337
0.42182
0.42572
0.419381
0.41966
0.428818
0.417901
0.424909
0.42003
0.421018
0.425381
