0.223645
0.225006
0.224341
0.224665
0.237261
0.224942
0.223186
0.226136
0.231106
0.223292
0.224332
0.223446
0.226042
0.235139
0.223198
0.22317
0.223028
0.236277
0.224185
0.226241
0.223551
0.234789
0.224153
0.223739
0.223423
0.226865
0.232987
0.224211
0.22431
0.22292
0.234689
0.224351
0.22398
0.227628
0.235031
0.226256
0.227343
0.226464
0.224623
0.234739
0.225944
0.223549
0.226393
0.231858
0.225758
0.224015
0.223536
0.231381
0.223785
0.233421
0.224693
0.224169
0.222779
0.232144
0.222868
0.224489
0.223396
0.224838
0.232087
0.225503
0.226505
0.223734
0.234387
0.225613
0.224651
0.224098
0.235748
0.224329
0.225629
0.224147
0.224861
0.231724
0.225845
0.223746
0.226547
0.234255
0.225646
0.225229
0.223778
0.229592
0.233175
0.225454
0.223218
0.224028
0.232284
0.222667
0.222717
0.226113
0.234229
0.224512
0.223889
0.224473
0.224022
0.233665
0.223329
0.223571
0.224501
0.235575
0.231413
0.225639
