0.0649973
0.0705384
0.0774982
0.0726444
0.0753969
0.0728099
0.0720205
0.0711732
0.0770467
0.0769916
0.0624531
0.088441
0.0724675
0.0682323
0.0669618
0.0643954
0.066927
0.0785866
0.0690208
0.0624715
0.063764
0.0712796
0.0675017
0.068523
0.0779685
0.0765669
0.0691176
0.0774829
0.0664882
0.0707979
0.0624956
0.0674053
0.0639691
0.0743234
0.0781262
0.0778278
0.0727134
0.0729521
0.0678103
0.0626324
0.0678086
0.0753729
0.066849
0.0650979
0.0746478
0.0674059
0.0724973
0.0781131
0.0667665
0.0634328
0.0771013
0.0646127
0.0816054
0.0694703
0.062398
0.0708797
0.0618766
0.0724207
0.0624088
0.0664619
0.0625295
0.0627724
0.070368
0.0670059
0.0693026
0.0759867
0.0749738
0.0734421
0.072484
0.0773508
0.0744309
0.0636564
0.0643939
0.0718954
0.0635522
0.0679555
0.0689926
0.066665
0.0633171
0.0685402
0.0826145
0.0780336
0.071446
0.0682178
0.0665334
0.0776993
0.0655411
0.0726861
0.0629084
0.0657174
0.077373
0.0716726
0.0688989
0.0687782
0.0726026
0.0694814
0.0714372
0.0618056
0.081693
0.0789592
