0.0779918
0.0809426
0.0767448
0.0754882
0.0764782
0.0767996
0.0764988
0.0764718
0.0758157
0.0763337
0.0762284
0.0758275
0.0767649
0.0811851
0.0766745
0.0755521
0.0762507
0.0759688
0.0766048
0.077981
0.0758633
0.0761949
0.0767619
0.0772787
0.0769492
0.0761961
0.0789878
0.0812017
0.0762552
0.0760199
0.0785156
0.0758604
0.0763052
0.0767844
0.0759986
0.0812185
0.0768028
0.0759903
0.0800889
0.0762007
0.074809
0.075669
0.0770109
0.0787418
0.0763071
0.0763547
0.075148
0.0794866
0.0780997
0.0777247
0.0768037
0.0824234
0.0774347
0.0756334
0.0778202
0.0922207
0.0774658
0.076131
0.0764275
0.076215
0.0779372
0.0757292
0.0764361
0.0779933
0.0769794
0.0758093
0.0757846
0.0761517
0.0765506
0.0767685
0.0759211
0.0769397
0.077395
0.0783747
0.0765254
0.0765423
0.0759778
0.0764748
0.0784972
0.07536
0.0825679
0.0771827
0.076133
0.0760612
0.0769139
0.0789778
0.0769446
0.0777039
0.0812419
0.0768985
0.0761173
0.0770431
0.0793541
0.0760353
0.0778375
0.0750492
0.0867932
0.0785979
0.0794488
0.0761175
