0.0778817
0.0661437
0.0679056
0.0806985
0.0694451
0.062895
0.0668463
0.0700814
0.065826
0.0670806
0.068689
0.0816708
0.0680226
0.0651536
0.0635641
0.0734966
0.0742986
0.0726574
0.0629855
0.0666883
0.0641343
0.0707285
0.0731149
0.0851677
0.0755899
0.0691898
0.0659839
0.0653162
0.0631061
0.0640407
0.061276
0.0663527
0.0654069
0.0650989
0.0702196
0.0699443
0.0697485
0.0672147
0.0714662
0.0674821
0.0694797
0.0658851
0.0646057
0.0661884
0.0745538
0.0646504
0.0665379
0.0645391
0.0620568
0.0659035
0.0682766
0.073793
0.0688469
0.0736921
0.0662753
0.0629047
0.0629983
0.0607608
0.0652879
0.064665
0.0672323
0.0731943
0.0650598
0.0750404
0.0786885
0.0657977
0.0710811
0.069469
0.0760384
0.0668919
0.076631
0.0651646
0.0730807
0.0640555
0.0704961
0.0692169
0.0638379
0.0728484
0.0669871
0.064575
0.0708067
0.0673567
0.0732
0.0730111
0.0641574
0.0681437
0.0620573
0.0627336
0.0646443
0.072043
0.060259
0.0657205
0.064491
0.072057
0.0665026
0.0653107
0.0690613
0.0745431
0.0728429
0.0649348
