0.0650343
0.0743296
0.0710268
0.0658621
0.0723401
0.0664959
0.0697317
0.0735944
0.0752754
0.0658643
0.0684594
0.0660578
0.0764584
0.075081
0.0703387
0.0675077
0.0678501
0.0715144
0.0726
0.0661237
0.0736684
0.0655394
0.0672151
0.0679792
0.0653437
0.0652073
0.0717796
0.0722237
0.0761694
0.0745033
0.0691051
0.0764653
0.0654223
0.0719848
0.0785028
0.0672473
0.0667996
0.0718603
0.0671649
0.0746067
0.0714158
0.0667078
0.0717858
0.0710651
0.075443
0.0816243
0.0649621
0.0664459
0.0723453
0.0716206
0.0669429
0.0666967
0.0724638
0.0658943
0.0756234
0.0683393
0.0776207
0.0742817
0.0702645
0.0764956
0.0668647
0.0764363
0.0653727
0.0667866
0.076204
0.0722472
0.06574
0.0712527
0.0709181
0.0666244
0.0768439
0.0658533
0.078156
0.0656119
0.0667508
0.0774455
0.0669655
0.0717687
0.0672888
0.0652456
0.0647756
0.0714097
0.0825046
0.0675775
0.0772059
0.0699265
0.0648331
0.0686715
0.0721923
0.0765016
0.0866572
0.0875757
0.067699
0.0807227
0.0779875
0.0688272
0.0801647
0.0806359
0.0825649
0.0751833
