0.116907
0.122831
0.120049
0.118106
0.117346
0.116851
0.124424
0.119327
0.117156
0.119231
0.117235
0.117803
0.11765
0.118527
0.121763
0.123142
0.115938
0.116988
0.118266
0.115277
0.117233
0.115544
0.115688
0.12217
0.116702
0.116346
0.119082
0.116851
0.119371
0.117248
0.116185
0.121519
0.119995
0.117058
0.11915
0.116024
0.119074
0.116722
0.116579
0.115483
0.123468
0.118573
0.116618
0.117876
0.116009
0.116188
0.124464
0.118156
0.125015
0.116483
0.118095
0.119021
0.116094
0.119455
0.116237
0.116894
0.124575
0.115548
0.116586
0.120471
0.118484
0.116733
0.11809
0.117081
0.121158
0.116599
0.116588
0.117496
0.119232
0.116595
0.117397
0.116206
0.1162
0.125961
0.116114
0.116747
0.119766
0.116904
0.115596
0.117397
0.123775
0.122709
0.11997
0.116278
0.116746
0.118285
0.117015
0.116651
0.116156
0.123731
0.116383
0.117125
0.117192
0.118458
0.115732
0.118861
0.11851
0.125211
0.119057
0.117536
