0.0665499
0.0710646
0.0671253
0.0717754
0.0687844
0.0634364
0.0660933
0.0737179
0.0678069
0.0648678
0.0686676
0.0749402
0.0636048
0.0726886
0.0671711
0.0809331
0.0728585
0.0707986
0.071273
0.068255
0.0663069
0.0644704
0.0742328
0.0752629
0.0673112
0.074983
0.0658325
0.0683894
0.0666373
0.0790738
0.0747611
0.0683073
0.0736023
0.064909
0.0703445
0.0697722
0.0734548
0.0667239
0.0734852
0.0677312
0.0643975
0.0688381
0.0739082
0.0679413
0.0658334
0.066205
0.0738617
0.0681049
0.0680436
0.0684628
0.0731817
0.0717503
0.0692156
0.0742129
0.0679105
0.0745245
0.0741316
0.0703228
0.0677703
0.0711165
0.0641033
0.0720129
0.0726406
0.0733085
0.0747588
0.0625341
0.071692
0.0609661
0.0640714
0.0614914
0.0756278
0.0692492
0.0699189
0.0647594
0.071813
0.0680194
0.066697
0.0749051
0.0733026
0.0663548
0.0711065
0.0732369
0.0651249
0.063013
0.082307
0.0753004
0.0688935
0.0685119
0.0714756
0.0674805
0.0771054
0.0675002
0.0752635
0.0749754
0.0647045
0.0693027
0.0635711
0.0891769
0.074462
0.0694539
